Network OPT LP LP_time GAP ApproxPPS ApproxPPS_time ApproxPPS_ratio OPT_time Branches
+++n50_r5_d1_p1_118943mosel_network.txt 17.0000 17.0000 0.02 0.0000 17.0000 0.00 1.0000 0.0224 0
+++n50_r5_d1_p1_173235mosel_network.txt 16.0000 16.0000 0.02 0.0000 17.0000 0.00 1.0625 0.0207 0
+++n50_r5_d1_p1_193588mosel_network.txt 12.0000 12.0000 0.02 0.0000 12.0000 0.00 1.0000 0.0201 0
+++n50_r5_d1_p1_218580mosel_network.txt 13.0000 13.0000 0.02 0.0000 13.0000 0.00 1.0000 0.0205 0
+++n50_r5_d1_p1_22023mosel_network.txt 15.0000 15.0000 0.02 0.0000 16.0000 0.00 1.0667 0.2356 2
+++n50_r5_d1_p1_234349mosel_network.txt 15.0000 15.0000 0.02 0.0000 16.0000 0.00 1.0667 0.0247 0
+++n50_r5_d1_p1_277148mosel_network.txt 15.0000 14.0000 0.02 0.0667 15.0000 0.00 1.0000 0.8522 4
+++n50_r5_d1_p1_323546mosel_network.txt 16.0000 16.0000 0.02 0.0000 17.0000 0.00 1.0625 0.4827 2
+++n50_r5_d1_p1_337383mosel_network.txt 15.0000 15.0000 0.02 0.0000 15.0000 0.00 1.0000 0.0197 0
+++n50_r5_d1_p1_404820mosel_network.txt 13.0000 12.5000 0.02 0.0385 14.0000 0.00 1.0769 0.1456 2
+++n50_r5_d1_p1_427177mosel_network.txt 12.0000 11.5000 0.02 0.0417 13.0000 0.00 1.0833 0.1928 2
+++n50_r5_d1_p1_548962mosel_network.txt 13.0000 13.0000 0.02 0.0000 16.0000 0.00 1.2308 0.0197 0
+++n50_r5_d1_p1_56331mosel_network.txt 16.0000 16.0000 0.02 0.0000 17.0000 0.00 1.0625 0.0205 0
+++n50_r5_d1_p1_563473mosel_network.txt 14.0000 14.0000 0.02 0.0000 14.0000 0.00 1.0000 0.0208 0
+++n50_r5_d1_p1_622494mosel_network.txt 12.0000 12.0000 0.02 0.0000 12.0000 0.00 1.0000 0.0219 0
+++n50_r5_d1_p1_634836mosel_network.txt 18.0000 18.0000 0.02 0.0000 18.0000 0.00 1.0000 0.0208 0
+++n50_r5_d1_p1_680862mosel_network.txt 11.0000 10.5000 0.02 0.0455 12.0000 0.00 1.0909 2.5509 12
+++n50_r5_d1_p1_686268mosel_network.txt 11.0000 11.0000 0.02 0.0000 11.0000 0.00 1.0000 0.0200 0
+++n50_r5_d1_p1_736115mosel_network.txt 18.0000 18.0000 0.02 0.0000 18.0000 0.00 1.0000 0.0207 0
+++n50_r5_d1_p1_762283mosel_network.txt 15.0000 15.0000 0.02 0.0000 16.0000 0.00 1.0667 0.0202 0
+++n50_r5_d1_p1_770233mosel_network.txt 16.0000 16.0000 0.02 0.0000 16.0000 0.00 1.0000 0.0199 0
+++n50_r5_d1_p1_78750mosel_network.txt 12.0000 12.0000 0.02 0.0000 12.0000 0.00 1.0000 0.0205 0
+++n50_r5_d1_p1_88336mosel_network.txt 15.0000 15.0000 0.02 0.0000 16.0000 0.00 1.0667 0.4486 2
+++n50_r5_d1_p1_926069mosel_network.txt 16.0000 16.0000 0.02 0.0000 19.0000 0.00 1.1875 0.0217 0
+++n50_r5_d1_p1_943963mosel_network.txt 12.0000 12.0000 0.02 0.0000 12.0000 0.00 1.0000 0.0237 0
total number of solved instances: 25
ratio of instances with optimality certificate: 52.0%
maximum approximation ratio: 1.2307692307692308
minimum approximation ratio: 1.0625
average approximation ratio: 1.09363344988345
average approximation time: 0.00201218508038437
average LP gap: 0.00768997668997669
average LP time: 0.01900736991985468


Network OPT LP LP_time GAP ApproxPPS ApproxPPS_time ApproxPPS_ratio OPT_time Branches
+++n50_r5_d1_p3_103607mosel_network.txt 19.0000 19.0000 0.02 0.0000 20.0000 0.00 1.0526 0.0247 0
+++n50_r5_d1_p3_113499mosel_network.txt 25.0000 25.0000 0.02 0.0000 25.0000 0.00 1.0000 0.0225 0
+++n50_r5_d1_p3_187234mosel_network.txt 27.0000 26.5000 0.02 0.0185 27.0000 0.00 1.0000 0.6898 2
+++n50_r5_d1_p3_266884mosel_network.txt 24.0000 24.0000 0.02 0.0000 27.0000 0.00 1.1250 0.0223 0
+++n50_r5_d1_p3_342257mosel_network.txt 23.0000 23.0000 0.02 0.0000 23.0000 0.00 1.0000 0.0226 0
+++n50_r5_d1_p3_363294mosel_network.txt 28.0000 27.5000 0.02 0.0179 30.0000 0.00 1.0714 0.8613 2
+++n50_r5_d1_p3_398240mosel_network.txt 25.0000 24.5000 0.02 0.0200 26.0000 0.00 1.0400 1.8673 6
+++n50_r5_d1_p3_441407mosel_network.txt 23.0000 22.5000 0.02 0.0217 23.0000 0.00 1.0000 0.4477 2
+++n50_r5_d1_p3_469139mosel_network.txt 23.0000 23.0000 0.02 0.0000 25.0000 0.00 1.0870 0.0219 0
+++n50_r5_d1_p3_478282mosel_network.txt 27.0000 26.5000 0.02 0.0185 28.0000 0.00 1.0370 0.2772 2
+++n50_r5_d1_p3_480981mosel_network.txt 29.0000 29.0000 0.02 0.0000 31.0000 0.00 1.0690 0.2080 2
+++n50_r5_d1_p3_563666mosel_network.txt 25.0000 25.0000 0.02 0.0000 27.0000 0.00 1.0800 0.0216 0
+++n50_r5_d1_p3_565564mosel_network.txt 27.0000 27.0000 0.02 0.0000 27.0000 0.00 1.0000 0.0219 0
+++n50_r5_d1_p3_573664mosel_network.txt 24.0000 24.0000 0.02 0.0000 24.0000 0.00 1.0000 0.0255 0
+++n50_r5_d1_p3_621835mosel_network.txt 26.0000 25.0000 0.02 0.0385 27.0000 0.00 1.0385 7.3826 56
+++n50_r5_d1_p3_634372mosel_network.txt 25.0000 25.0000 0.02 0.0000 27.0000 0.00 1.0800 0.0224 0
+++n50_r5_d1_p3_679151mosel_network.txt 23.0000 22.0000 0.02 0.0435 26.0000 0.00 1.1304 3.5878 10
+++n50_r5_d1_p3_703600mosel_network.txt 19.0000 19.0000 0.02 0.0000 23.0000 0.00 1.2105 0.0232 0
+++n50_r5_d1_p3_728057mosel_network.txt 29.0000 28.5000 0.02 0.0172 30.0000 0.00 1.0345 3.4863 24
+++n50_r5_d1_p3_788572mosel_network.txt 30.0000 30.0000 0.02 0.0000 34.0000 0.00 1.1333 0.3444 2
+++n50_r5_d1_p3_812742mosel_network.txt 25.0000 25.0000 0.02 0.0000 25.0000 0.00 1.0000 0.0216 0
+++n50_r5_d1_p3_856443mosel_network.txt 21.0000 21.0000 0.02 0.0000 22.0000 0.00 1.0476 0.0229 0
+++n50_r5_d1_p3_926807mosel_network.txt 24.0000 24.0000 0.02 0.0000 25.0000 0.00 1.0417 0.0220 0
+++n50_r5_d1_p3_964305mosel_network.txt 25.0000 25.0000 0.02 0.0000 26.0000 0.00 1.0400 0.6758 2
+++n50_r5_d1_p3_991342mosel_network.txt 26.0000 25.0000 0.02 0.0385 27.0000 0.00 1.0385 1.0963 12
total number of solved instances: 25
ratio of instances with optimality certificate: 28.0%
maximum approximation ratio: 1.2105263157894737
minimum approximation ratio: 1.0344827586206897
average approximation ratio: 1.075389178219693
average approximation time: 0.002069500000216067
average LP gap: 25.64
average LP time: 0.020105166640132666


Network OPT LP LP_time GAP ApproxPPS ApproxPPS_time ApproxPPS_ratio OPT_time Branches
+++n50_r5_d5_p1_142177mosel_network.txt 11.0000 11.0000 0.02 0.0000 13.0000 0.00 1.1818 0.0228 0
+++n50_r5_d5_p1_185625mosel_network.txt 10.0000 10.0000 0.02 0.0000 10.0000 0.00 1.0000 0.0209 0
+++n50_r5_d5_p1_199227mosel_network.txt 12.0000 11.5000 0.02 0.0417 15.0000 0.00 1.2500 0.5311 4
+++n50_r5_d5_p1_252830mosel_network.txt 14.0000 14.0000 0.02 0.0000 16.0000 0.00 1.1429 0.9286 2
+++n50_r5_d5_p1_292724mosel_network.txt 16.0000 16.0000 0.02 0.0000 16.0000 0.00 1.0000 0.0205 0
+++n50_r5_d5_p1_294355mosel_network.txt 11.0000 11.0000 0.02 0.0000 12.0000 0.00 1.0909 0.0212 0
+++n50_r5_d5_p1_304250mosel_network.txt 14.0000 14.0000 0.02 0.0000 14.0000 0.00 1.0000 0.0205 0
+++n50_r5_d5_p1_320485mosel_network.txt 13.0000 13.0000 0.02 0.0000 16.0000 0.00 1.2308 0.0221 0
+++n50_r5_d5_p1_346709mosel_network.txt 14.0000 14.0000 0.02 0.0000 14.0000 0.00 1.0000 0.0217 0
+++n50_r5_d5_p1_405081mosel_network.txt 8.0000 7.5000 0.02 0.0625 11.0000 0.00 1.3750 0.6028 4
+++n50_r5_d5_p1_451985mosel_network.txt 11.0000 11.0000 0.02 0.0000 11.0000 0.00 1.0000 0.0200 0
+++n50_r5_d5_p1_472284mosel_network.txt 14.0000 14.0000 0.02 0.0000 15.0000 0.00 1.0714 0.0210 0
+++n50_r5_d5_p1_5711mosel_network.txt 12.0000 12.0000 0.02 0.0000 12.0000 0.00 1.0000 0.0258 0
+++n50_r5_d5_p1_68331mosel_network.txt 7.0000 7.0000 0.02 0.0000 8.0000 0.00 1.1429 0.0251 0
+++n50_r5_d5_p1_72512mosel_network.txt 16.0000 16.0000 0.02 0.0000 16.0000 0.00 1.0000 0.0242 0
+++n50_r5_d5_p1_736244mosel_network.txt 14.0000 14.0000 0.02 0.0000 14.0000 0.00 1.0000 0.0238 0
+++n50_r5_d5_p1_750572mosel_network.txt 14.0000 14.0000 0.03 0.0000 16.0000 0.00 1.1429 0.0303 0
+++n50_r5_d5_p1_808435mosel_network.txt 12.0000 12.0000 0.02 0.0000 13.0000 0.00 1.0833 0.0226 0
+++n50_r5_d5_p1_812656mosel_network.txt 14.0000 14.0000 0.02 0.0000 15.0000 0.00 1.0714 0.0215 0
+++n50_r5_d5_p1_854047mosel_network.txt 11.0000 11.0000 0.02 0.0000 13.0000 0.00 1.1818 0.0217 0
+++n50_r5_d5_p1_877625mosel_network.txt 8.0000 8.0000 0.02 0.0000 8.0000 0.00 1.0000 0.0217 0
+++n50_r5_d5_p1_944762mosel_network.txt 17.0000 17.0000 0.02 0.0000 17.0000 0.00 1.0000 0.0212 0
+++n50_r5_d5_p1_955953mosel_network.txt 16.0000 16.0000 0.02 0.0000 18.0000 0.00 1.1250 1.0713 4
+++n50_r5_d5_p1_963748mosel_network.txt 10.0000 10.0000 0.02 0.0000 13.0000 0.00 1.3000 0.0208 0
+++n50_r5_d5_p1_975834mosel_network.txt 14.0000 14.0000 0.02 0.0000 14.0000 0.00 1.0000 0.0209 0
total number of solved instances: 25
ratio of instances with optimality certificate: 44.0%
maximum approximation ratio: 1.375
minimum approximation ratio: 1.0714285714285714
average approximation ratio: 1.1707197564340421


Network OPT LP LP_time GAP ApproxPPS ApproxPPS_time ApproxPPS_ratio OPT_time Branches
+++n50_r5_d5_p3_112438mosel_network.txt 22.0000 22.0000 0.02 0.0000 25.0000 0.00 1.1364 1.0400 2
+++n50_r5_d5_p3_183189mosel_network.txt 24.0000 23.5000 0.02 0.0208 25.0000 0.00 1.0417 1.6600 8
+++n50_r5_d5_p3_188163mosel_network.txt 24.0000 24.0000 0.02 0.0000 27.0000 0.00 1.1250 0.0229 0
+++n50_r5_d5_p3_407557mosel_network.txt 19.0000 18.5000 0.02 0.0263 26.0000 0.00 1.3684 1.6943 4
+++n50_r5_d5_p3_422213mosel_network.txt 25.0000 25.0000 0.02 0.0000 25.0000 0.00 1.0000 0.0221 0
+++n50_r5_d5_p3_422608mosel_network.txt 15.0000 14.5000 0.02 0.0333 24.0000 0.00 1.6000 2.0979 12
+++n50_r5_d5_p3_425814mosel_network.txt 26.0000 26.0000 0.02 0.0000 28.0000 0.00 1.0769 0.3606 6
+++n50_r5_d5_p3_477091mosel_network.txt 24.0000 24.0000 0.02 0.0000 26.0000 0.00 1.0833 0.0226 0
+++n50_r5_d5_p3_483500mosel_network.txt 24.0000 24.0000 0.02 0.0000 28.0000 0.00 1.1667 0.0238 0
+++n50_r5_d5_p3_489911mosel_network.txt 24.0000 24.0000 0.02 0.0000 26.0000 0.00 1.0833 0.0228 0
+++n50_r5_d5_p3_490396mosel_network.txt 24.0000 24.0000 0.02 0.0000 25.0000 0.00 1.0417 0.0231 0
+++n50_r5_d5_p3_603233mosel_network.txt 20.0000 20.0000 0.02 0.0000 26.0000 0.00 1.3000 0.0238 0
+++n50_r5_d5_p3_638281mosel_network.txt 22.0000 22.0000 0.02 0.0000 22.0000 0.00 1.0000 0.0234 0
+++n50_r5_d5_p3_738728mosel_network.txt 18.0000 18.0000 0.02 0.0000 22.0000 0.00 1.2222 0.0240 0
+++n50_r5_d5_p3_765031mosel_network.txt 24.0000 24.0000 0.02 0.0000 25.0000 0.00 1.0417 0.0233 0
+++n50_r5_d5_p3_776040mosel_network.txt 25.0000 25.0000 0.02 0.0000 26.0000 0.00 1.0400 0.0237 0
+++n50_r5_d5_p3_784016mosel_network.txt 15.0000 14.5000 0.02 0.0333 28.0000 0.00 1.8667 1.3680 6
+++n50_r5_d5_p3_856313mosel_network.txt 24.0000 24.0000 0.02 0.0000 25.0000 0.00 1.0417 0.0257 0
+++n50_r5_d5_p3_894925mosel_network.txt 28.0000 28.0000 0.02 0.0000 32.0000 0.00 1.1429 0.0265 0
+++n50_r5_d5_p3_899403mosel_network.txt 24.0000 24.0000 0.02 0.0000 31.0000 0.00 1.2917 0.0277 0
+++n50_r5_d5_p3_918982mosel_network.txt 18.0000 18.0000 0.02 0.0000 27.0000 0.00 1.5000 0.0268 0
+++n50_r5_d5_p3_919492mosel_network.txt 19.0000 19.0000 0.02 0.0000 21.0000 0.00 1.1053 0.0264 0
+++n50_r5_d5_p3_928879mosel_network.txt 17.0000 17.0000 0.02 0.0000 20.0000 0.00 1.1765 0.0299 0
+++n50_r5_d5_p3_972903mosel_network.txt 24.0000 24.0000 0.02 0.0000 26.0000 0.00 1.0833 0.0244 0
+++n50_r5_d5_p3_992944mosel_network.txt 19.0000 19.0000 0.02 0.0000 25.0000 0.00 1.3158 0.0247 0
total number of solved instances: 25
ratio of instances with optimality certificate: 8.0%
maximum approximation ratio: 1.8666666666666667
minimum approximation ratio: 1.04
average approximation ratio: 1.2109120442381986


Network OPT LP LP_time GAP ApproxPPS ApproxPPS_time ApproxPPS_ratio OPT_time Branches
+++n50_r20_d1_p1_199675mosel_network.txt 9.0000 9.0000 0.02 0.0000 15.0000 0.00 1.6667 0.0256 0
+++n50_r20_d1_p1_266916mosel_network.txt 8.0000 8.0000 0.02 0.0000 16.0000 0.00 2.0000 0.0240 0
+++n50_r20_d1_p1_305779mosel_network.txt 14.0000 12.5000 0.02 0.1071 16.0000 0.00 1.1429 13.6040 28
+++n50_r20_d1_p1_309312mosel_network.txt 10.0000 9.5000 0.02 0.0500 12.0000 0.00 1.2000 5.2112 6
+++n50_r20_d1_p1_336649mosel_network.txt 12.0000 11.0000 0.02 0.0833 14.0000 0.00 1.1667 8.4700 18
+++n50_r20_d1_p1_34404mosel_network.txt 11.0000 11.0000 0.02 0.0000 13.0000 0.00 1.1818 0.1715 2
+++n50_r20_d1_p1_38882mosel_network.txt 13.0000 11.5000 0.02 0.1154 14.0000 0.00 1.0769 27.9584 44
+++n50_r20_d1_p1_413201mosel_network.txt 6.0000 6.0000 0.02 0.0000 11.0000 0.00 1.8333 2.6498 4
+++n50_r20_d1_p1_454019mosel_network.txt 8.0000 7.0000 0.02 0.1250 10.0000 0.00 1.2500 8.9587 10
+++n50_r20_d1_p1_477705mosel_network.txt 8.0000 8.0000 0.02 0.0000 11.0000 0.00 1.3750 0.0243 0
+++n50_r20_d1_p1_552292mosel_network.txt 10.0000 9.0000 0.02 0.1000 13.0000 0.00 1.3000 17.0159 22
+++n50_r20_d1_p1_633333mosel_network.txt 10.0000 8.5000 0.02 0.1500 10.0000 0.00 1.0000 3.4925 14
+++n50_r20_d1_p1_638737mosel_network.txt 9.0000 9.0000 0.02 0.0000 14.0000 0.00 1.5556 0.5156 4
+++n50_r20_d1_p1_647132mosel_network.txt 6.0000 5.5000 0.02 0.0833 12.0000 0.00 2.0000 7.4922 10
+++n50_r20_d1_p1_765173mosel_network.txt 9.0000 9.0000 0.02 0.0000 14.0000 0.00 1.5556 0.1708 2
+++n50_r20_d1_p1_908547mosel_network.txt 11.0000 11.0000 0.02 0.0000 13.0000 0.00 1.1818 0.0230 0
+++n50_r20_d1_p1_908805mosel_network.txt 10.0000 10.0000 0.02 0.0000 15.0000 0.00 1.5000 0.0239 0
+++n50_r20_d1_p1_909015mosel_network.txt 9.0000 7.0000 0.02 0.2222 12.0000 0.00 1.3333 19.3431 42
+++n50_r20_d1_p1_918595mosel_network.txt 10.0000 8.5000 0.02 0.1500 13.0000 0.00 1.3000 15.8327 24
+++n50_r20_d1_p1_919670mosel_network.txt 13.0000 12.5000 0.02 0.0385 16.0000 0.00 1.2308 1.9011 6
+++n50_r20_d1_p1_923516mosel_network.txt 10.0000 9.0000 0.02 0.1000 14.0000 0.00 1.4000 8.4603 10
+++n50_r20_d1_p1_931160mosel_network.txt 10.0000 10.0000 0.02 0.0000 13.0000 0.00 1.3000 0.0243 0
+++n50_r20_d1_p1_956339mosel_network.txt 11.0000 10.0000 0.02 0.0909 14.0000 0.00 1.2727 16.7285 30
+++n50_r20_d1_p1_985285mosel_network.txt 7.0000 7.0000 0.02 0.0000 11.0000 0.00 1.5714 0.0299 0
+++n50_r20_d1_p1_987685mosel_network.txt 11.0000 10.5000 0.02 0.0455 15.0000 0.00 1.3636 3.9782 10
total number of solved instances: 25
ratio of instances with optimality certificate: 4.0%
maximum approximation ratio: 2.0
minimum approximation ratio: 1.0769230769230769
average approximation ratio: 1.4065870472120476
average approximation time: 0.0035645634413231163
average LP gap: 0.05844966144966144
average LP time: 0.020574246639735064


Network OPT LP LP_time GAP ApproxPPS ApproxPPS_time ApproxPPS_ratio OPT_time Branches
+++n50_r20_d1_p3_272834mosel_network.txt 13.0000 12.5000 0.03 0.0385 17.0000 0.00 1.3077 4.2429 4
+++n50_r20_d1_p3_279037mosel_network.txt 17.0000 17.0000 0.02 0.0000 24.0000 0.00 1.4118 1.7180 4
+++n50_r20_d1_p3_31421mosel_network.txt 22.0000 21.2500 0.02 0.0341 28.0000 0.00 1.2727 8.9161 12
+++n50_r20_d1_p3_346578mosel_network.txt 21.0000 21.0000 0.02 0.0000 24.0000 0.00 1.1429 0.0341 0
+++n50_r20_d1_p3_350003mosel_network.txt 21.0000 19.8333 0.02 0.0556 25.0000 0.00 1.1905 17.2192 23
+++n50_r20_d1_p3_361983mosel_network.txt 18.0000 17.5000 0.02 0.0278 25.0000 0.00 1.3889 16.0885 24
+++n50_r20_d1_p3_363084mosel_network.txt 18.0000 18.0000 0.02 0.0000 26.0000 0.00 1.4444 0.0302 0
+++n50_r20_d1_p3_394341mosel_network.txt 23.0000 22.8333 0.02 0.0072 33.0000 0.00 1.4348 3.2931 2
+++n50_r20_d1_p3_402030mosel_network.txt 18.0000 18.0000 0.02 0.0000 23.0000 0.00 1.2778 0.0284 0
+++n50_r20_d1_p3_424516mosel_network.txt 24.0000 23.5000 0.02 0.0208 27.0000 0.00 1.1250 3.6702 8
+++n50_r20_d1_p3_464308mosel_network.txt 19.0000 19.0000 0.02 0.0000 23.0000 0.00 1.2105 0.0288 0
+++n50_r20_d1_p3_502619mosel_network.txt 18.0000 17.7500 0.02 0.0139 23.0000 0.00 1.2778 6.8250 11
+++n50_r20_d1_p3_506429mosel_network.txt 19.0000 19.0000 0.02 0.0000 30.0000 0.00 1.5789 0.0294 0
+++n50_r20_d1_p3_549262mosel_network.txt 20.0000 18.5000 0.03 0.0750 26.0000 0.00 1.3000 43.5201 45
+++n50_r20_d1_p3_575763mosel_network.txt 19.0000 18.0000 0.03 0.0526 25.0000 0.01 1.3158 46.1441 42
+++n50_r20_d1_p3_619356mosel_network.txt 24.0000 23.0000 0.02 0.0417 29.0000 0.00 1.2083 27.7123 64
+++n50_r20_d1_p3_646907mosel_network.txt 19.0000 17.3750 0.02 0.0855 26.0000 0.00 1.3684 31.7080 36
+++n50_r20_d1_p3_691757mosel_network.txt 22.0000 21.0000 0.02 0.0455 25.0000 0.00 1.1364 14.4780 20
+++n50_r20_d1_p3_709774mosel_network.txt 17.0000 16.5000 0.02 0.0294 21.0000 0.00 1.2353 4.5662 10
+++n50_r20_d1_p3_773698mosel_network.txt 17.0000 17.0000 0.02 0.0000 19.0000 0.00 1.1176 0.0275 0
+++n50_r20_d1_p3_807976mosel_network.txt 22.0000 21.5000 0.02 0.0227 24.0000 0.00 1.0909 5.6453 16
+++n50_r20_d1_p3_900198mosel_network.txt 23.0000 21.5000 0.02 0.0652 26.0000 0.00 1.1304 28.8685 41
+++n50_r20_d1_p3_934663mosel_network.txt 20.0000 18.5000 0.02 0.0750 28.0000 0.00 1.4000 14.0569 20
+++n50_r20_d1_p3_954181mosel_network.txt 21.0000 20.0000 0.02 0.0476 30.0000 0.00 1.4286 22.7455 28
+++n50_r20_d1_p3_968137mosel_network.txt 21.0000 20.5000 0.03 0.0238 27.0000 0.00 1.2857 2.2598 8
total number of solved instances: 25
ratio of instances with optimality certificate: 0.0%
maximum approximation ratio: 1.5789473684210527
minimum approximation ratio: 1.0909090909090908
average approximation ratio: 1.283245642468687
average approximation time: 0.004157473239465617
average LP gap: 0.030476739489895342
average LP time: 0.024498623359249905


Network OPT LP LP_time GAP ApproxPPS ApproxPPS_time ApproxPPS_ratio OPT_time Branches
+++n50_r20_d5_p1_107744mosel_network.txt 5.0000 5.0000 0.02 0.0000 16.0000 0.00 3.2000 0.0245 0
+++n50_r20_d5_p1_112221mosel_network.txt 6.0000 5.5000 0.02 0.0833 13.0000 0.00 2.1667 1.5095 6
+++n50_r20_d5_p1_115486mosel_network.txt 7.0000 7.0000 0.02 0.0000 9.0000 0.01 1.2857 0.0251 0
+++n50_r20_d5_p1_119188mosel_network.txt 6.0000 6.0000 0.02 0.0000 17.0000 0.00 2.8333 0.6742 2
+++n50_r20_d5_p1_133260mosel_network.txt 3.0000 2.5000 0.02 0.1667 15.0000 0.01 5.0000 0.9490 2
+++n50_r20_d5_p1_134072mosel_network.txt 6.0000 6.0000 0.02 0.0000 15.0000 0.01 2.5000 0.6749 2
+++n50_r20_d5_p1_137181mosel_network.txt 5.0000 5.0000 0.02 0.0000 15.0000 0.00 3.0000 2.5352 6
+++n50_r20_d5_p1_154665mosel_network.txt 5.0000 5.0000 0.02 0.0000 14.0000 0.00 2.8000 0.0248 0
+++n50_r20_d5_p1_200690mosel_network.txt 2.0000 2.0000 0.02 0.0000 19.0000 0.01 9.5000 0.0271 0
+++n50_r20_d5_p1_24881mosel_network.txt 7.0000 6.5000 0.02 0.0714 16.0000 0.01 2.2857 1.3347 2
+++n50_r20_d5_p1_35488mosel_network.txt 9.0000 9.0000 0.02 0.0000 20.0000 0.01 2.2222 0.0277 0
+++n50_r20_d5_p1_394842mosel_network.txt 6.0000 6.0000 0.02 0.0000 14.0000 0.00 2.3333 0.0262 0
+++n50_r20_d5_p1_424720mosel_network.txt 6.0000 6.0000 0.02 0.0000 16.0000 0.00 2.6667 0.6466 2
+++n50_r20_d5_p1_439724mosel_network.txt 4.0000 4.0000 0.02 0.0000 13.0000 0.00 3.2500 0.0271 0
+++n50_r20_d5_p1_639300mosel_network.txt 3.0000 3.0000 0.02 0.0000 14.0000 0.00 4.6667 0.2570 2
+++n50_r20_d5_p1_648028mosel_network.txt 7.0000 7.0000 0.02 0.0000 15.0000 0.01 2.1429 0.0262 0
+++n50_r20_d5_p1_711066mosel_network.txt 6.0000 6.0000 0.02 0.0000 13.0000 0.00 2.1667 0.0268 0
+++n50_r20_d5_p1_711486mosel_network.txt 4.0000 4.0000 0.02 0.0000 14.0000 0.00 3.5000 0.0257 0
+++n50_r20_d5_p1_744680mosel_network.txt 9.0000 8.5000 0.02 0.0556 17.0000 0.01 1.8889 0.5603 4
+++n50_r20_d5_p1_753940mosel_network.txt 3.0000 3.0000 0.02 0.0000 14.0000 0.00 4.6667 0.0239 0
+++n50_r20_d5_p1_760646mosel_network.txt 4.0000 3.5000 0.02 0.1250 10.0000 0.00 2.5000 0.9244 4
+++n50_r20_d5_p1_790328mosel_network.txt 8.0000 8.0000 0.02 0.0000 14.0000 0.00 1.7500 0.0243 0
+++n50_r20_d5_p1_827013mosel_network.txt 3.0000 3.0000 0.02 0.0000 15.0000 0.01 5.0000 0.0274 0
+++n50_r20_d5_p1_855144mosel_network.txt 8.0000 8.0000 0.02 0.0000 15.0000 0.01 1.8750 0.0264 0
+++n50_r20_d5_p1_894907mosel_network.txt 9.0000 7.5000 0.02 0.1667 13.0000 0.00 1.4444 22.3237 97
total number of solved instances: 25
ratio of instances with optimality certificate: 0.0%
maximum approximation ratio: 9.5
minimum approximation ratio: 1.2857142857142858
average approximation ratio: 3.0657936507936507


Network OPT LP LP_time GAP ApproxPPS ApproxPPS_time ApproxPPS_ratio OPT_time Branches
+++n50_r20_d5_p3_105152mosel_network.txt 14.0000 12.3333 0.02 0.1190 31.0000 0.01 2.2143 231.3190 263
+++n50_r20_d5_p3_186035mosel_network.txt 22.0000 21.5000 0.02 0.0227 34.0000 0.01 1.5455 1.9359 4
+++n50_r20_d5_p3_208881mosel_network.txt 21.0000 20.0714 0.02 0.0442 37.0000 0.01 1.7619 78.3892 74
+++n50_r20_d5_p3_269713mosel_network.txt 13.0000 13.0000 0.02 0.0000 35.0000 0.00 2.6923 0.0287 0
+++n50_r20_d5_p3_29507mosel_network.txt 12.0000 11.3333 0.02 0.0556 30.0000 0.01 2.5000 55.8064 51
+++n50_r20_d5_p3_299403mosel_network.txt 15.0000 14.5000 0.02 0.0333 32.0000 0.01 2.1333 0.5660 2
+++n50_r20_d5_p3_301031mosel_network.txt 13.0000 13.0000 0.02 0.0000 28.0000 0.01 2.1538 2.1199 2
+++n50_r20_d5_p3_310741mosel_network.txt 9.0000 8.2500 0.02 0.0833 34.0000 0.01 3.7778 12.2694 21
+++n50_r20_d5_p3_348372mosel_network.txt 15.0000 15.0000 0.02 0.0000 32.0000 0.01 2.1333 0.0292 0
+++n50_r20_d5_p3_360206mosel_network.txt 13.0000 12.1667 0.02 0.0641 28.0000 0.01 2.1538 13.1143 16
+++n50_r20_d5_p3_411686mosel_network.txt 12.0000 11.0000 0.02 0.0833 29.0000 0.01 2.4167 79.5715 155
+++n50_r20_d5_p3_415690mosel_network.txt 19.0000 19.0000 0.02 0.0000 29.0000 0.00 1.5263 7.1819 13
+++n50_r20_d5_p3_427963mosel_network.txt 17.0000 15.5000 0.03 0.0882 40.0000 0.00 2.3529 43.8922 45
+++n50_r20_d5_p3_475312mosel_network.txt 17.0000 16.5000 0.02 0.0294 34.0000 0.01 2.0000 1.3330 2
+++n50_r20_d5_p3_485034mosel_network.txt 16.0000 14.9000 0.02 0.0687 31.0000 0.01 1.9375 40.7178 38
+++n50_r20_d5_p3_523717mosel_network.txt 19.0000 17.7500 0.02 0.0658 34.0000 0.00 1.7895 51.1382 41
+++n50_r20_d5_p3_57377mosel_network.txt 18.0000 17.6250 0.02 0.0208 31.0000 0.01 1.7222 153.8940 128
+++n50_r20_d5_p3_578104mosel_network.txt 20.0000 19.0000 0.02 0.0500 31.0000 0.00 1.5500 47.0127 85
+++n50_r20_d5_p3_61852mosel_network.txt 13.0000 12.5000 0.02 0.0385 30.0000 0.01 2.3077 1.0095 2
+++n50_r20_d5_p3_634936mosel_network.txt 12.0000 11.6000 0.02 0.0333 35.0000 0.01 2.9167 3.3768 4
+++n50_r20_d5_p3_683509mosel_network.txt 18.0000 18.0000 0.02 0.0000 26.0000 0.00 1.4444 0.0282 0
+++n50_r20_d5_p3_693657mosel_network.txt 20.0000 20.0000 0.02 0.0000 33.0000 0.01 1.6500 0.0299 0
+++n50_r20_d5_p3_794334mosel_network.txt 13.0000 13.0000 0.02 0.0000 34.0000 0.00 2.6154 4.1617 9
+++n50_r20_d5_p3_902499mosel_network.txt 20.0000 19.5000 0.02 0.0250 29.0000 0.00 1.4500 5.9050 12
+++n50_r20_d5_p3_962246mosel_network.txt 17.0000 16.0000 0.02 0.0588 25.0000 0.01 1.4706 13.3021 18
total number of solved instances: 25
ratio of instances with optimality certificate: 0.0%
maximum approximation ratio: 3.7777777777777777
minimum approximation ratio: 1.4444444444444444
average approximation ratio: 2.088639410984612


Network OPT LP LP_time GAP ApproxPPS ApproxPPS_time ApproxPPS_ratio OPT_time Branches
+++n100_r10_d1_p1_153349mosel_network.txt 30.0000 30.0000 0.02 0.0000 31.0000 0.00 1.0333 0.0306 0
+++n100_r10_d1_p1_172174mosel_network.txt 25.0000 25.0000 0.02 0.0000 25.0000 0.00 1.0000 0.0280 0
+++n100_r10_d1_p1_208278mosel_network.txt 35.0000 35.0000 0.02 0.0000 35.0000 0.00 1.0000 0.0274 0
+++n100_r10_d1_p1_265650mosel_network.txt 34.0000 33.5000 0.02 0.0147 34.0000 0.00 1.0000 1.5387 2
+++n100_r10_d1_p1_267811mosel_network.txt 27.0000 27.0000 0.02 0.0000 28.0000 0.00 1.0370 1.5317 2
+++n100_r10_d1_p1_295235mosel_network.txt 21.0000 21.0000 0.02 0.0000 23.0000 0.01 1.0952 0.0288 0
+++n100_r10_d1_p1_43725mosel_network.txt 29.0000 29.0000 0.02 0.0000 31.0000 0.00 1.0690 0.0284 0
+++n100_r10_d1_p1_511067mosel_network.txt 25.0000 25.0000 0.02 0.0000 25.0000 0.00 1.0000 0.0267 0
+++n100_r10_d1_p1_519883mosel_network.txt 28.0000 28.0000 0.02 0.0000 30.0000 0.00 1.0714 0.5721 2
+++n100_r10_d1_p1_522971mosel_network.txt 23.0000 23.0000 0.02 0.0000 26.0000 0.01 1.1304 0.0287 0
+++n100_r10_d1_p1_55104mosel_network.txt 30.0000 30.0000 0.03 0.0000 32.0000 0.00 1.0667 0.0315 0
+++n100_r10_d1_p1_580971mosel_network.txt 27.0000 27.0000 0.02 0.0000 27.0000 0.00 1.0000 0.0304 0
+++n100_r10_d1_p1_612554mosel_network.txt 26.0000 26.0000 0.03 0.0000 27.0000 0.01 1.0385 0.0340 0
+++n100_r10_d1_p1_62751mosel_network.txt 28.0000 28.0000 0.02 0.0000 29.0000 0.00 1.0357 0.0296 0
+++n100_r10_d1_p1_63051mosel_network.txt 25.0000 25.0000 0.02 0.0000 27.0000 0.00 1.0800 0.0275 0
+++n100_r10_d1_p1_67499mosel_network.txt 31.0000 31.0000 0.02 0.0000 31.0000 0.00 1.0000 0.0271 0
+++n100_r10_d1_p1_709500mosel_network.txt 23.0000 23.0000 0.02 0.0000 27.0000 0.00 1.1739 1.6592 2
+++n100_r10_d1_p1_709579mosel_network.txt 18.0000 18.0000 0.02 0.0000 21.0000 0.01 1.1667 0.0292 0
+++n100_r10_d1_p1_778874mosel_network.txt 32.0000 32.0000 0.02 0.0000 35.0000 0.00 1.0938 0.0289 0
+++n100_r10_d1_p1_786711mosel_network.txt 25.0000 24.0000 0.02 0.0400 26.0000 0.00 1.0400 6.3850 14
+++n100_r10_d1_p1_870435mosel_network.txt 28.0000 28.0000 0.02 0.0000 30.0000 0.00 1.0714 0.0293 0
+++n100_r10_d1_p1_888058mosel_network.txt 25.0000 25.0000 0.02 0.0000 25.0000 0.00 1.0000 0.0273 0
+++n100_r10_d1_p1_891412mosel_network.txt 21.0000 21.0000 0.02 0.0000 23.0000 0.01 1.0952 0.0286 0
+++n100_r10_d1_p1_933463mosel_network.txt 27.0000 27.0000 0.02 0.0000 30.0000 0.00 1.1111 0.0289 0
+++n100_r10_d1_p1_966213mosel_network.txt 28.0000 28.0000 0.02 0.0000 28.0000 0.00 1.0000 0.0264 0
total number of solved instances: 25
ratio of instances with optimality certificate: 32.0%
maximum approximation ratio: 1.173913043478261
minimum approximation ratio: 1.0333333333333334
average approximation ratio: 1.0829051362148419
average approximation time: 0.004374595038534608
average LP gap: 0.002188235294117647
average LP time: 0.021581984960648698


Network OPT LP LP_time GAP ApproxPPS ApproxPPS_time ApproxPPS_ratio OPT_time Branches
+++n100_r40_d1_p1_108115mosel_network.txt 13.0000 11.5000 0.03 0.1154 21.0000 0.01 1.6154 92.4289 38
+++n100_r40_d1_p1_135061mosel_network.txt 17.0000 14.0000 0.03 0.1765 23.0000 0.01 1.3529 361.1798 176
+++n100_r40_d1_p1_150513mosel_network.txt 22.0000 20.5000 0.03 0.0682 28.0000 0.01 1.2727 16.8892 6
+++n100_r40_d1_p1_261032mosel_network.txt 15.0000 15.0000 0.03 0.0000 21.0000 0.01 1.4000 0.0417 0
+++n100_r40_d1_p1_270803mosel_network.txt 20.0000 18.0000 0.03 0.1000 27.0000 0.01 1.3500 81.5732 44
+++n100_r40_d1_p1_320285mosel_network.txt 16.0000 14.0000 0.03 0.1250 22.0000 0.01 1.3750 187.6294 100
+++n100_r40_d1_p1_453180mosel_network.txt 18.0000 18.0000 0.03 0.0000 21.0000 0.01 1.1667 0.7004 2
+++n100_r40_d1_p1_529686mosel_network.txt 13.0000 11.0000 0.03 0.1538 25.0000 0.01 1.9231 236.1732 88
+++n100_r40_d1_p1_531389mosel_network.txt 19.0000 16.0000 0.03 0.1579 23.0000 0.01 1.2105 171.9402 66
+++n100_r40_d1_p1_582099mosel_network.txt 21.0000 20.5000 0.03 0.0238 28.0000 0.01 1.3333 0.6724 2
+++n100_r40_d1_p1_660886mosel_network.txt 16.0000 15.0000 0.03 0.0625 22.0000 0.01 1.3750 71.8327 80
+++n100_r40_d1_p1_682504mosel_network.txt 21.0000 21.0000 0.03 0.0000 28.0000 0.01 1.3333 0.0398 0
+++n100_r40_d1_p1_69020mosel_network.txt 18.0000 16.5000 0.03 0.0833 24.0000 0.01 1.3333 47.8750 28
+++n100_r40_d1_p1_699667mosel_network.txt 15.0000 15.0000 0.03 0.0000 17.0000 0.01 1.1333 0.0396 0
+++n100_r40_d1_p1_730866mosel_network.txt 20.0000 19.5000 0.03 0.0250 27.0000 0.01 1.3500 15.0352 12
+++n100_r40_d1_p1_771709mosel_network.txt 15.0000 13.0000 0.03 0.1333 20.0000 0.01 1.3333 207.7251 112
+++n100_r40_d1_p1_786744mosel_network.txt 19.0000 15.5000 0.03 0.1842 23.0000 0.01 1.2105 467.5933 222
+++n100_r40_d1_p1_799076mosel_network.txt 20.0000 19.5000 0.03 0.0250 24.0000 0.01 1.2000 10.3946 4
+++n100_r40_d1_p1_862144mosel_network.txt 15.0000 15.0000 0.03 0.0000 21.0000 0.01 1.4000 0.0379 0
+++n100_r40_d1_p1_878676mosel_network.txt 17.0000 17.0000 0.03 0.0000 26.0000 0.01 1.5294 0.0423 0
+++n100_r40_d1_p1_902385mosel_network.txt 17.0000 16.5000 0.03 0.0294 22.0000 0.01 1.2941 3.8804 10
+++n100_r40_d1_p1_90904mosel_network.txt 16.0000 16.0000 0.03 0.0000 27.0000 0.01 1.6875 0.0414 0
+++n100_r40_d1_p1_9214mosel_network.txt 21.0000 18.5000 0.03 0.1190 30.0000 0.01 1.4286 903.8578 515
+++n100_r40_d1_p1_980049mosel_network.txt 25.0000 24.5000 0.03 0.0200 31.0000 0.01 1.2400 14.2122 4
+++n100_r40_d1_p1_982990mosel_network.txt 11.0000 10.0000 0.03 0.0909 17.0000 0.01 1.5455 3.5345 12
total number of solved instances: 25
ratio of instances with optimality certificate: 0.0%
maximum approximation ratio: 1.9230769230769231
minimum approximation ratio: 1.1333333333333333
average approximation ratio: 1.3757428535344942
average approximation time: 0.011402121560822707
average LP gap: 
average LP time: 0.025489316760795192


Network OPT LP LP_time GAP ApproxPPS ApproxPPS_time ApproxPPS_ratio OPT_time Branches
+++n100_r10_d5_p1_124035mosel_network.txt 23.0000 23.0000 0.02 0.0000 30.0000 0.00 1.3043 0.0284 0
+++n100_r10_d5_p1_186068mosel_network.txt 20.0000 20.0000 0.02 0.0000 22.0000 0.00 1.1000 0.0275 0
+++n100_r10_d5_p1_211973mosel_network.txt 13.0000 13.0000 0.02 0.0000 17.0000 0.01 1.3077 0.0297 0
+++n100_r10_d5_p1_282530mosel_network.txt 22.0000 22.0000 0.02 0.0000 25.0000 0.01 1.1364 0.0285 0
+++n100_r10_d5_p1_318092mosel_network.txt 23.0000 23.0000 0.02 0.0000 26.0000 0.00 1.1304 0.0292 0
+++n100_r10_d5_p1_386962mosel_network.txt 22.0000 22.0000 0.02 0.0000 23.0000 0.01 1.0455 0.0284 0
+++n100_r10_d5_p1_396804mosel_network.txt 28.0000 28.0000 0.02 0.0000 30.0000 0.00 1.0714 0.0284 0
+++n100_r10_d5_p1_406837mosel_network.txt 26.0000 26.0000 0.02 0.0000 28.0000 0.00 1.0769 0.0268 0
+++n100_r10_d5_p1_479527mosel_network.txt 5.0000 5.0000 0.02 0.0000 32.0000 0.00 6.4000 0.0277 0
+++n100_r10_d5_p1_494949mosel_network.txt 22.0000 22.0000 0.02 0.0000 23.0000 0.00 1.0455 0.0277 0
+++n100_r10_d5_p1_504337mosel_network.txt 25.0000 25.0000 0.02 0.0000 25.0000 0.00 1.0000 0.0279 0
+++n100_r10_d5_p1_542531mosel_network.txt 9.0000 9.0000 0.02 0.0000 25.0000 0.01 2.7778 0.0285 0
+++n100_r10_d5_p1_544385mosel_network.txt 19.0000 19.0000 0.02 0.0000 27.0000 0.01 1.4211 0.0283 0
+++n100_r10_d5_p1_546597mosel_network.txt 13.0000 13.0000 0.02 0.0000 23.0000 0.01 1.7692 0.0277 0
+++n100_r10_d5_p1_614075mosel_network.txt 14.0000 14.0000 0.02 0.0000 22.0000 0.01 1.5714 0.0291 0
+++n100_r10_d5_p1_694866mosel_network.txt 29.0000 28.0000 0.02 0.0345 31.0000 0.00 1.0690 18.5642 20
+++n100_r10_d5_p1_722886mosel_network.txt 24.0000 24.0000 0.02 0.0000 27.0000 0.00 1.1250 0.0282 0
+++n100_r10_d5_p1_744586mosel_network.txt 24.0000 24.0000 0.02 0.0000 25.0000 0.00 1.0417 0.0280 0
+++n100_r10_d5_p1_772151mosel_network.txt 24.0000 24.0000 0.02 0.0000 25.0000 0.00 1.0417 0.0272 0
+++n100_r10_d5_p1_817668mosel_network.txt 24.0000 24.0000 0.02 0.0000 26.0000 0.01 1.0833 0.0289 0
+++n100_r10_d5_p1_838726mosel_network.txt 15.0000 15.0000 0.02 0.0000 21.0000 0.01 1.4000 0.0349 0
+++n100_r10_d5_p1_86466mosel_network.txt 28.0000 28.0000 0.02 0.0000 28.0000 0.00 1.0000 0.0285 0
+++n100_r10_d5_p1_90982mosel_network.txt 21.0000 20.5000 0.02 0.0238 26.0000 0.01 1.2381 0.8139 2
+++n100_r10_d5_p1_958938mosel_network.txt 25.0000 25.0000 0.02 0.0000 26.0000 0.00 1.0400 0.0288 0
+++n100_r10_d5_p1_967148mosel_network.txt 25.0000 25.0000 0.02 0.0000 26.0000 0.00 1.0400 0.0277 0
total number of solved instances: 25
ratio of instances with optimality certificate: 8.0%
maximum approximation ratio: 6.4
minimum approximation ratio: 1.04
average approximation ratio: 1.4885354984361603


Network OPT LP LP_time GAP ApproxPPS ApproxPPS_time ApproxPPS_ratio OPT_time Branches
+++n100_r40_d5_p1_113685mosel_network.txt 10.0000 10.0000 0.03 0.0000 40.0000 0.02 4.0000 0.0484 0
+++n100_r40_d5_p1_119447mosel_network.txt 11.0000 11.0000 0.03 0.0000 27.0000 0.01 2.4545 0.0407 0
+++n100_r40_d5_p1_191940mosel_network.txt 13.0000 13.0000 0.02 0.0000 25.0000 0.02 1.9231 0.0481 0
+++n100_r40_d5_p1_212173mosel_network.txt 6.0000 6.0000 0.03 0.0000 27.0000 0.01 4.5000 0.0405 0
+++n100_r40_d5_p1_280390mosel_network.txt 13.0000 12.0000 0.03 0.0769 32.0000 0.02 2.4615 19.5245 17
+++n100_r40_d5_p1_284432mosel_network.txt 18.0000 17.0000 0.03 0.0556 29.0000 0.01 1.6111 12.6984 16
+++n100_r40_d5_p1_327303mosel_network.txt 5.0000 5.0000 0.03 0.0000 22.0000 0.02 4.4000 0.0451 0
+++n100_r40_d5_p1_389897mosel_network.txt 8.0000 8.0000 0.03 0.0000 26.0000 0.02 3.2500 0.0498 0
+++n100_r40_d5_p1_405852mosel_network.txt 10.0000 10.0000 0.03 0.0000 30.0000 0.02 3.0000 0.0482 0
+++n100_r40_d5_p1_443170mosel_network.txt 13.0000 12.5000 0.03 0.0385 29.0000 0.01 2.2308 5.8650 6
+++n100_r40_d5_p1_451063mosel_network.txt 2.0000 2.0000 0.03 0.0000 26.0000 0.02 13.0000 0.0484 0
+++n100_r40_d5_p1_457872mosel_network.txt 10.0000 9.5000 0.03 0.0500 35.0000 0.01 3.5000 1.9608 8
+++n100_r40_d5_p1_492978mosel_network.txt 9.0000 9.0000 0.03 0.0000 25.0000 0.01 2.7778 0.0461 0
+++n100_r40_d5_p1_613258mosel_network.txt 16.0000 15.5000 0.03 0.0312 29.0000 0.02 1.8125 4.5219 3
+++n100_r40_d5_p1_640120mosel_network.txt 11.0000 10.5000 0.02 0.0455 27.0000 0.02 2.4545 4.1799 7
+++n100_r40_d5_p1_658243mosel_network.txt 10.0000 10.0000 0.02 0.0000 32.0000 0.01 3.2000 0.0405 0
+++n100_r40_d5_p1_692048mosel_network.txt 14.0000 14.0000 0.03 0.0000 31.0000 0.01 2.2143 0.0403 0
+++n100_r40_d5_p1_710227mosel_network.txt 1.0000 1.0000 0.02 0.0000 30.0000 0.01 30.0000 0.0414 0
+++n100_r40_d5_p1_762038mosel_network.txt 11.0000 11.0000 0.02 0.0000 28.0000 0.02 2.5455 0.0427 0
+++n100_r40_d5_p1_797264mosel_network.txt 9.0000 9.0000 0.03 0.0000 28.0000 0.01 3.1111 0.9728 2
+++n100_r40_d5_p1_853894mosel_network.txt 7.0000 7.0000 0.02 0.0000 31.0000 0.01 4.4286 0.0394 0
+++n100_r40_d5_p1_870800mosel_network.txt 15.0000 15.0000 0.03 0.0000 27.0000 0.01 1.8000 0.0435 0
+++n100_r40_d5_p1_907193mosel_network.txt 14.0000 13.3333 0.03 0.0476 27.0000 0.01 1.9286 15.5772 15
+++n100_r40_d5_p1_914784mosel_network.txt 10.0000 10.0000 0.02 0.0000 29.0000 0.01 2.9000 0.0412 0
+++n100_r40_d5_p1_92562mosel_network.txt 11.0000 11.0000 0.03 0.0000 30.0000 0.01 2.7273 0.1203 1
total number of solved instances: 25
ratio of instances with optimality certificate: 0.0%
maximum approximation ratio: 30.0
minimum approximation ratio: 1.6111111111111112
average approximation ratio: 4.329245254745256


Network OPT LP LP_time GAP ApproxPPS ApproxPPS_time ApproxPPS_ratio OPT_time Branches
+++n100_r10_d1_p3_225947mosel_network.txt 49.0000 49.0000 0.03 0.0000 55.0000 0.01 1.1224 0.0371 0
+++n100_r10_d1_p3_26279mosel_network.txt 43.0000 42.5000 0.03 0.0116 46.0000 0.01 1.0698 3.0952 2
+++n100_r10_d1_p3_278502mosel_network.txt 48.0000 48.0000 0.03 0.0000 58.0000 0.01 1.2083 0.0398 0
+++n100_r10_d1_p3_283899mosel_network.txt 55.0000 55.0000 0.03 0.0000 57.0000 0.00 1.0364 0.9138 4
+++n100_r10_d1_p3_289579mosel_network.txt 53.0000 53.0000 0.03 0.0000 54.0000 0.00 1.0189 0.0323 0
+++n100_r10_d1_p3_322324mosel_network.txt 51.0000 51.0000 0.03 0.0000 56.0000 0.01 1.0980 0.0387 0
+++n100_r10_d1_p3_349210mosel_network.txt 49.0000 49.0000 0.03 0.0000 54.0000 0.01 1.1020 0.0373 0
+++n100_r10_d1_p3_402477mosel_network.txt 47.0000 47.0000 0.03 0.0000 50.0000 0.01 1.0638 0.0400 0
+++n100_r10_d1_p3_438605mosel_network.txt 43.0000 42.5000 0.03 0.0116 43.0000 0.01 1.0000 0.6954 2
+++n100_r10_d1_p3_439974mosel_network.txt 45.0000 45.0000 0.03 0.0000 50.0000 0.01 1.1111 0.0339 0
+++n100_r10_d1_p3_475524mosel_network.txt 52.0000 52.0000 0.03 0.0000 57.0000 0.01 1.0962 0.0336 0
+++n100_r10_d1_p3_488608mosel_network.txt 48.0000 47.7500 0.03 0.0052 53.0000 0.01 1.1042 3.6470 4
+++n100_r10_d1_p3_534682mosel_network.txt 53.0000 53.0000 0.03 0.0000 55.0000 0.00 1.0377 0.0327 0
+++n100_r10_d1_p3_547646mosel_network.txt 51.0000 51.0000 0.03 0.0000 55.0000 0.01 1.0784 0.0356 0
+++n100_r10_d1_p3_550070mosel_network.txt 48.0000 48.0000 0.03 0.0000 54.0000 0.00 1.1250 0.0325 0
+++n100_r10_d1_p3_58159mosel_network.txt 44.0000 43.5000 0.03 0.0114 53.0000 0.01 1.2045 1.6125 4
+++n100_r10_d1_p3_582656mosel_network.txt 52.0000 52.0000 0.03 0.0000 54.0000 0.00 1.0385 0.0331 0
+++n100_r10_d1_p3_744713mosel_network.txt 48.0000 48.0000 0.03 0.0000 51.0000 0.01 1.0625 0.0340 0
+++n100_r10_d1_p3_8100mosel_network.txt 48.0000 47.0000 0.03 0.0208 53.0000 0.01 1.1042 4.3829 9
+++n100_r10_d1_p3_856347mosel_network.txt 57.0000 57.0000 0.03 0.0000 57.0000 0.00 1.0000 0.0317 0
+++n100_r10_d1_p3_875591mosel_network.txt 52.0000 52.0000 0.03 0.0000 53.0000 0.00 1.0192 0.0334 0
+++n100_r10_d1_p3_899977mosel_network.txt 45.0000 45.0000 0.03 0.0000 45.0000 0.00 1.0000 0.0311 0
+++n100_r10_d1_p3_907102mosel_network.txt 50.0000 50.0000 0.03 0.0000 54.0000 0.00 1.0800 0.0329 0
+++n100_r10_d1_p3_917292mosel_network.txt 53.0000 53.0000 0.03 0.0000 53.0000 0.00 1.0000 0.0319 0
+++n100_r10_d1_p3_961204mosel_network.txt 45.0000 45.0000 0.03 0.0000 47.0000 0.01 1.0444 0.0329 0
total number of solved instances: 25
ratio of instances with optimality certificate: 16.0%
maximum approximation ratio: 1.2083333333333333
minimum approximation ratio: 1.0188679245283019
average approximation ratio: 1.0869351835147878
average approximation time: 0.005194378239102662
average LP gap: 0.002426444679351656
average LP time: 0.027380751720047555


Network OPT LP LP_time GAP ApproxPPS ApproxPPS_time ApproxPPS_ratio OPT_time Branches
+++n100_r40_d1_p3_110354mosel_network.txt 41.0000 41.0000 0.04 0.0000 47.0000 0.01 1.1463 0.0586 0
+++n100_r40_d1_p3_136104mosel_network.txt 38.0000 38.0000 0.04 0.0000 49.0000 0.01 1.2895 8.8338 4
+++n100_r40_d1_p3_241462mosel_network.txt 46.0000 44.0000 0.04 0.0435 53.0000 0.01 1.1522 583.7048 172
+++n100_r40_d1_p3_279574mosel_network.txt 43.0000 42.5000 0.04 0.0116 54.0000 0.01 1.2558 18.5395 20
+++n100_r40_d1_p3_279790mosel_network.txt 35.0000 34.5000 0.04 0.0143 40.0000 0.01 1.1429 34.6359 14
+++n100_r40_d1_p3_309464mosel_network.txt 39.0000 38.0000 0.04 0.0256 45.0000 0.01 1.1538 24.2166 12
+++n100_r40_d1_p3_342731mosel_network.txt 43.0000 42.5000 0.04 0.0116 52.0000 0.01 1.2093 4.6269 6
+++n100_r40_d1_p3_346035mosel_network.txt 41.0000 40.5000 0.04 0.0122 46.0000 0.01 1.1220 10.8603 4
+++n100_r40_d1_p3_382545mosel_network.txt 37.0000 37.0000 0.04 0.0000 48.0000 0.01 1.2973 0.0544 0
+++n100_r40_d1_p3_43154mosel_network.txt 38.0000 35.5000 0.04 0.0658 43.0000 0.01 1.1316 1017.1856 273
+++n100_r40_d1_p3_434703mosel_network.txt 36.0000 36.0000 0.04 0.0000 53.0000 0.01 1.4722 0.0579 0
+++n100_r40_d1_p3_446392mosel_network.txt 44.0000 43.0000 0.04 0.0227 53.0000 0.01 1.2045 133.1017 57
+++n100_r40_d1_p3_538961mosel_network.txt 39.0000 38.0000 0.04 0.0256 51.0000 0.01 1.3077 168.0218 121
+++n100_r40_d1_p3_560706mosel_network.txt 37.0000 36.3333 0.04 0.0180 45.0000 0.01 1.2162 31.4618 10
+++n100_r40_d1_p3_618389mosel_network.txt 40.0000 40.0000 0.04 0.0000 46.0000 0.01 1.1500 1.5390 2
+++n100_r40_d1_p3_642218mosel_network.txt 42.0000 40.5000 0.04 0.0357 47.0000 0.01 1.1190 145.0834 96
+++n100_r40_d1_p3_653269mosel_network.txt 39.0000 38.5000 0.04 0.0128 51.0000 0.01 1.3077 11.4644 4
+++n100_r40_d1_p3_664810mosel_network.txt 41.0000 41.0000 0.04 0.0000 49.0000 0.01 1.1951 0.0539 0
+++n100_r40_d1_p3_669279mosel_network.txt 38.0000 36.0000 0.04 0.0526 44.0000 0.01 1.1579 170.7422 98
+++n100_r40_d1_p3_672422mosel_network.txt 44.0000 43.5000 0.04 0.0114 49.0000 0.01 1.1136 20.9451 14
+++n100_r40_d1_p3_732449mosel_network.txt 40.0000 40.0000 0.04 0.0000 47.0000 0.01 1.1750 0.0570 0
+++n100_r40_d1_p3_77395mosel_network.txt 43.0000 41.7500 0.04 0.0291 52.0000 0.01 1.2093 405.6269 160
+++n100_r40_d1_p3_810845mosel_network.txt 40.0000 39.5000 0.04 0.0125 48.0000 0.01 1.2000 53.0371 14
+++n100_r40_d1_p3_948507mosel_network.txt 42.0000 41.5000 0.04 0.0119 50.0000 0.01 1.1905 15.7580 4
+++n100_r40_d1_p3_968144mosel_network.txt 40.0000 39.5000 0.04 0.0125 51.0000 0.01 1.2750 4.6925 4
total number of solved instances: 25
ratio of instances with optimality certificate: 0.0%
maximum approximation ratio: 1.4722222222222223
minimum approximation ratio: 1.1136363636363635
average approximation ratio: 1.2077793518316524
average approximation time: 0.012295143319061026
average LP gap: 
average LP time: 0.03816888667934108


Network OPT LP LP_time GAP ApproxPPS ApproxPPS_time ApproxPPS_ratio OPT_time Branches
+++n100_r10_d5_p3_102498mosel_network.txt 51.0000 51.0000 0.03 0.0000 55.0000 0.00 1.0784 0.0351 0
+++n100_r10_d5_p3_118638mosel_network.txt 50.0000 50.0000 0.03 0.0000 52.0000 0.01 1.0400 0.0337 0
+++n100_r10_d5_p3_192633mosel_network.txt 52.0000 52.0000 0.03 0.0000 58.0000 0.01 1.1154 0.0337 0
+++n100_r10_d5_p3_204924mosel_network.txt 43.0000 43.0000 0.03 0.0000 55.0000 0.01 1.2791 0.0350 0
+++n100_r10_d5_p3_309206mosel_network.txt 50.0000 50.0000 0.03 0.0000 59.0000 0.01 1.1800 0.0390 0
+++n100_r10_d5_p3_372675mosel_network.txt 49.0000 49.0000 0.03 0.0000 57.0000 0.01 1.1633 0.0348 0
+++n100_r10_d5_p3_462950mosel_network.txt 44.0000 44.0000 0.03 0.0000 50.0000 0.01 1.1364 0.0341 0
+++n100_r10_d5_p3_477092mosel_network.txt 54.0000 53.5000 0.03 0.0093 56.0000 0.01 1.0370 2.0123 2
+++n100_r10_d5_p3_479723mosel_network.txt 47.0000 47.0000 0.03 0.0000 54.0000 0.01 1.1489 0.0384 0
+++n100_r10_d5_p3_492624mosel_network.txt 47.0000 47.0000 0.03 0.0000 52.0000 0.01 1.1064 0.0380 0
+++n100_r10_d5_p3_513145mosel_network.txt 47.0000 47.0000 0.03 0.0000 59.0000 0.01 1.2553 4.7399 6
+++n100_r10_d5_p3_567122mosel_network.txt 43.0000 42.5000 0.03 0.0116 51.0000 0.01 1.1860 0.8695 4
+++n100_r10_d5_p3_609316mosel_network.txt 47.0000 47.0000 0.03 0.0000 57.0000 0.01 1.2128 0.0337 0
+++n100_r10_d5_p3_612958mosel_network.txt 48.0000 48.0000 0.03 0.0000 51.0000 0.00 1.0625 0.0324 0
+++n100_r10_d5_p3_621069mosel_network.txt 40.0000 39.5000 0.03 0.0125 46.0000 0.00 1.1500 0.5249 2
+++n100_r10_d5_p3_638786mosel_network.txt 43.0000 43.0000 0.03 0.0000 46.0000 0.00 1.0698 0.0324 0
+++n100_r10_d5_p3_718594mosel_network.txt 49.0000 49.0000 0.03 0.0000 56.0000 0.01 1.1429 0.0345 0
+++n100_r10_d5_p3_737830mosel_network.txt 45.0000 45.0000 0.03 0.0000 51.0000 0.00 1.1333 0.0341 0
+++n100_r10_d5_p3_762877mosel_network.txt 47.0000 47.0000 0.03 0.0000 56.0000 0.01 1.1915 0.0345 0
+++n100_r10_d5_p3_825334mosel_network.txt 51.0000 51.0000 0.03 0.0000 60.0000 0.00 1.1765 0.0322 0
+++n100_r10_d5_p3_847498mosel_network.txt 44.0000 44.0000 0.03 0.0000 53.0000 0.01 1.2045 0.0350 0
+++n100_r10_d5_p3_901355mosel_network.txt 47.0000 46.5000 0.03 0.0106 57.0000 0.01 1.2128 0.2363 2
+++n100_r10_d5_p3_952815mosel_network.txt 44.0000 44.0000 0.03 0.0000 55.0000 0.01 1.2500 0.0323 0
+++n100_r10_d5_p3_969742mosel_network.txt 53.0000 53.0000 0.03 0.0000 56.0000 0.01 1.0566 0.0348 0
+++n100_r10_d5_p3_997800mosel_network.txt 51.0000 51.0000 0.03 0.0000 54.0000 0.00 1.0588 0.0337 0
total number of solved instances: 25
ratio of instances with optimality certificate: 0.0%
maximum approximation ratio: 1.2790697674418605
minimum approximation ratio: 1.037037037037037
average approximation ratio: 1.1459263633929186
Running runExperiments.py 3 data/Networks_100_40_5_3


Network OPT LP LP_time GAP ApproxPPS ApproxPPS_time ApproxPPS_ratio OPT_time Branches
+++n100_r40_d5_p3_113122mosel_network.txt 25.0000 24.5000 0.04 0.0200 57.0000 0.01 2.2800 10.9850 7
+++n100_r40_d5_p3_155567mosel_network.txt 21.0000 21.0000 0.04 0.0000 69.0000 0.02 3.2857 9.4616 6
+++n100_r40_d5_p3_155721mosel_network.txt 23.0000 21.5000 0.04 0.0652 63.0000 0.02 2.7391 124.2925 163
+++n100_r40_d5_p3_160807mosel_network.txt 28.0000 27.2500 0.04 0.0268 67.0000 0.01 2.3929 22.8782 8
+++n100_r40_d5_p3_173213mosel_network.txt 68.0000 24.1250 0.04 0.6452 69.0000 0.02 1.0147 1804.5706 527
+++n100_r40_d5_p3_190126mosel_network.txt 16.0000 15.0000 0.04 0.0625 55.0000 0.02 3.4375 40.6391 28
+++n100_r40_d5_p3_237056mosel_network.txt 23.0000 22.0000 0.04 0.0435 66.0000 0.01 2.8696 84.0125 20
+++n100_r40_d5_p3_27932mosel_network.txt 18.0000 16.8750 0.04 0.0625 61.0000 0.02 3.3889 690.3827 286
+++n100_r40_d5_p3_337157mosel_network.txt 19.0000 19.0000 0.03 0.0000 69.0000 0.01 3.6316 3.1736 3
+++n100_r40_d5_p3_432740mosel_network.txt 15.0000 15.0000 0.04 0.0000 54.0000 0.01 3.6000 14.8492 4
+++n100_r40_d5_p3_439064mosel_network.txt 22.0000 21.3333 0.04 0.0303 70.0000 0.02 3.1818 7.4374 4
+++n100_r40_d5_p3_457777mosel_network.txt 15.0000 15.0000 0.04 0.0000 66.0000 0.02 4.4000 0.0601 0
+++n100_r40_d5_p3_473295mosel_network.txt 10.0000 10.0000 0.04 0.0000 58.0000 0.03 5.8000 0.0632 0
+++n100_r40_d5_p3_487524mosel_network.txt 25.0000 24.5000 0.04 0.0200 67.0000 0.02 2.6800 84.0723 18
+++n100_r40_d5_p3_588511mosel_network.txt 20.0000 19.5000 0.04 0.0250 68.0000 0.01 3.4000 40.0866 28
+++n100_r40_d5_p3_643598mosel_network.txt 20.0000 20.0000 0.03 0.0000 66.0000 0.02 3.3000 0.0525 0
+++n100_r40_d5_p3_659787mosel_network.txt 22.0000 21.5000 0.04 0.0227 60.0000 0.02 2.7273 26.8665 12
+++n100_r40_d5_p3_704718mosel_network.txt 19.0000 19.0000 0.04 0.0000 53.0000 0.02 2.7895 0.2206 1
+++n100_r40_d5_p3_763002mosel_network.txt 26.0000 26.0000 0.04 0.0000 61.0000 0.01 2.3462 8.9475 3
+++n100_r40_d5_p3_817972mosel_network.txt 22.0000 21.0000 0.04 0.0455 70.0000 0.02 3.1818 66.5119 43
+++n100_r40_d5_p3_842784mosel_network.txt 28.0000 27.5000 0.04 0.0179 65.0000 0.02 2.3214 6.4158 6
+++n100_r40_d5_p3_849028mosel_network.txt 19.0000 17.7500 0.04 0.0658 58.0000 0.02 3.0526 149.1073 62
+++n100_r40_d5_p3_908498mosel_network.txt 21.0000 20.5000 0.04 0.0238 64.0000 0.02 3.0476 39.7720 12
+++n100_r40_d5_p3_962958mosel_network.txt 14.0000 14.0000 0.04 0.0000 57.0000 0.02 4.0714 0.0609 0
+++n100_r40_d5_p3_973019mosel_network.txt 24.0000 23.6667 0.04 0.0139 73.0000 0.02 3.0417 27.8523 8
total number of solved instances: 25
ratio of instances with optimality certificate: 0.0%
maximum approximation ratio: 5.8
minimum approximation ratio: 1.0147058823529411
average approximation ratio: 3.119250074268771
